21.113296338852027 0.7435761230700799 0.14976762361824514
19.967324921754088 0.7082047342277105 0.20954494118690492
18.54351849685808 0.6780289526331686 0.20938022330403327
18.02594095583026 0.6658034151546108 0.23710332572460174
18.962193473486582 0.6689195593850182 0.20950774118304252
19.222202924552946 0.6984363192313551 0.17837384790182115
21.716795799387473 0.7797352455368676 0.12566354744136332
21.764718212237263 0.7469264626415684 0.13086227253079413
22.139633438688993 0.794002807821281 0.11722577407956124
21.090333189109813 0.7544720927606308 0.17116574421525002
20.071082425352543 0.7066470042700439 0.19287185221910477
21.115137428622692 0.7396588017851491 0.15594397753477096
19.34114277639169 0.7443539524649553 0.20483844920992852
19.540499944280278 0.712848818498134 0.15156885340809823
20.755313601346312 0.7126054603350452 0.16400574333965778
18.905810865620396 0.7136207106641027 0.19586421690881253
